	#TargetID	pfam_id	domain_name	E-value	BitScore	TargetStart	TargetEnd	HMM_Seq	Target_Seq	HMM_Pos	prot	pep	chromosome	chrom_num	gene	transcript	gene_biotype	transcript_biotype	hgncID	hugoSymbol	refseq	entrez	length	HMMStart	HMMEnd
0	ENSP00000239231.6	PF03630	Fumble	4.8e-119	396.4	13	365	hiavDiGgsLaKlvYfsr...................kkkkkksaaekkkeeeveeeeeseelgg...rLhfikfetekieevleflkelllkskekekekktikaTGGGaykyeelikeelgvevekedemeclikGlkflltei...pkevftyse.e.kpkkkvekkesesiyPylLvniGSGvsilkvegeekfervgGtslgGgtfwGLlslLtgaksfdellelaekGdnskvDllvgDiygedyekiglksdliassfgkvfkkkkkeeeeekeDiarslLvmisnnigqiaylqakkhnlkriyFgGsfirgheitmktlsyaikfwskgelkalFlrHegYlGavGaflk	WFGMDIGGTLVKLSYFEPiditaeeeqeeveslksirKYLTSNVAYGSTGIRDVHLELKDLTLFGrrgNLHFIRFPTQDLPTFIQMGRDKNFSTLQT-----VLCATGGGAYKFEKDFRTIGNLHLHKLDELDCLVKGLLYIDSVSfngQAECYYFANaSePERCQKMPFNLDDPYPLLVVNIGSGVSILAVHSKDNYKRVTGTSLGGGTFLGLCSLLTGCESFEEALEMASKGDSTQADKLVRDIYGGDYERFGLPGWAVASSFGNMIYKEKRESVSK-EDLARATLVTITNNIGSVARMCAVNEKINRVVFVGNFLRVNTLSMKLLAYALDYWSKGQLKALFLEHEGYFGAVGALLG	1,2,3,4,5,6,7,8,9,10,11,12,13,14,15,16,17,18,a18-0,a18-1,a18-2,a18-3,a18-4,a18-5,a18-6,a18-7,a18-8,a18-9,a18-10,a18-11,a18-12,a18-13,a18-14,a18-15,a18-16,a18-17,a18-18,19,20,21,22,23,24,25,26,27,28,29,30,31,32,33,34,35,36,37,38,39,40,41,42,43,44,45,46,a46-0,a46-1,a46-2,47,48,49,50,51,52,53,54,55,56,57,58,59,60,61,62,63,64,65,66,67,68,69,70,71,72,73,74,75,76,77,78,79,80,81,82,83,84,85,86,87,88,89,90,91,92,93,94,95,96,97,98,99,100,101,102,103,104,105,106,107,108,109,110,111,112,113,114,115,116,117,118,119,120,121,122,123,124,a124-0,a124-1,a124-2,125,126,127,128,129,130,131,132,133,a133-0,134,a134-0,135,136,137,138,139,140,141,142,143,144,145,146,147,148,149,150,151,152,153,154,155,156,157,158,159,160,161,162,163,164,165,166,167,168,169,170,171,172,173,174,175,176,177,178,179,180,181,182,183,184,185,186,187,188,189,190,191,192,193,194,195,196,197,198,199,200,201,202,203,204,205,206,207,208,209,210,211,212,213,214,215,216,217,218,219,220,221,222,223,224,225,226,227,228,229,230,231,232,233,234,235,236,237,238,239,240,241,242,243,244,245,246,247,248,249,250,251,252,253,254,255,256,257,258,259,260,261,262,263,264,265,266,267,268,269,270,271,272,273,274,275,276,277,278,279,280,281,282,283,284,285,286,287,288,289,290,291,292,293,294,295,296,297,298,299,300,301,302,303,304,305,306,307,308,309,310,311,312,313,314,315,316,317,318,319,320,321,322,323,324,325,326,327,328,329,330,331,332	ENSP00000239231.6	known	GRCh37:5:complement(join(168006261..168006288,167995651..167996003,167993018..167993271,167990894..167991070,167988398..167988521,167986037..167986162,167984576..167984626))	5	ENSG00000120137.6	ENST00000239231.6	protein_coding	protein_coding	19365	PANK3	NP_078870	79646.0	370	1	332
1	ENSP00000302108.4	PF03630	Fumble	7.7e-123	409.0	238	590	hiavDiGgsLaKlvYfsr...................kkkkkksaaekkkeeeveeeeeseelgg...rLhfikfetekieevleflkelllkskekekekktikaTGGGaykyeelikeelgvevekedemeclikGlkflltei...pkevftyse.e.kpkkkvekkesesiyPylLvniGSGvsilkvegeekfervgGtslgGgtfwGLlslLtgaksfdellelaekGdnskvDllvgDiygedyekiglksdliassfgkvfkkkkkeeeeekeDiarslLvmisnnigqiaylqakkhnlkriyFgGsfirgheitmktlsyaikfwskgelkalFlrHegYlGavGaflk	WFGMDIGGTLVKLVYFEPkditaeeeqeevenlksirKYLTSNTAYGKTGIRDVHLELKNLTMCGrkgNLHFIRFPSCAMHRFIQMGSEKNFSSLHT-----TLCATGGGAFKFEEDFRMIADLQLHKLDELDCLIQGLLYVDSVGfngKPECYYFENpTnPELCQKKPYCLDNPYPMLLVNMGSGVSILAVYSKDNYKRVTGTSLGGGTFLGLCCLLTGCETFEEALEMAAKGDSTNVDKLVKDIYGGDYERFGLQGSAVASSFGNMMSKEKRDSISK-EDLARATLVTITNNIGSIARMCALNENIDRVVFVGNFLRINMVSMKLLAYAMDFWSKGQLKALFLEHEGYFGAVGALLE	1,2,3,4,5,6,7,8,9,10,11,12,13,14,15,16,17,18,a18-0,a18-1,a18-2,a18-3,a18-4,a18-5,a18-6,a18-7,a18-8,a18-9,a18-10,a18-11,a18-12,a18-13,a18-14,a18-15,a18-16,a18-17,a18-18,19,20,21,22,23,24,25,26,27,28,29,30,31,32,33,34,35,36,37,38,39,40,41,42,43,44,45,46,a46-0,a46-1,a46-2,47,48,49,50,51,52,53,54,55,56,57,58,59,60,61,62,63,64,65,66,67,68,69,70,71,72,73,74,75,76,77,78,79,80,81,82,83,84,85,86,87,88,89,90,91,92,93,94,95,96,97,98,99,100,101,102,103,104,105,106,107,108,109,110,111,112,113,114,115,116,117,118,119,120,121,122,123,124,a124-0,a124-1,a124-2,125,126,127,128,129,130,131,132,133,a133-0,134,a134-0,135,136,137,138,139,140,141,142,143,144,145,146,147,148,149,150,151,152,153,154,155,156,157,158,159,160,161,162,163,164,165,166,167,168,169,170,171,172,173,174,175,176,177,178,179,180,181,182,183,184,185,186,187,188,189,190,191,192,193,194,195,196,197,198,199,200,201,202,203,204,205,206,207,208,209,210,211,212,213,214,215,216,217,218,219,220,221,222,223,224,225,226,227,228,229,230,231,232,233,234,235,236,237,238,239,240,241,242,243,244,245,246,247,248,249,250,251,252,253,254,255,256,257,258,259,260,261,262,263,264,265,266,267,268,269,270,271,272,273,274,275,276,277,278,279,280,281,282,283,284,285,286,287,288,289,290,291,292,293,294,295,296,297,298,299,300,301,302,303,304,305,306,307,308,309,310,311,312,313,314,315,316,317,318,319,320,321,322,323,324,325,326,327,328,329,330,331,332	ENSP00000302108.4	known	GRCh37:10:complement(join(91404357..91405059,91371453..91371805,91359009..91359262,91353570..91353746,91352954..91353077,91348409..91348534,91344163..91344222))	10	ENSG00000152782.12	ENST00000307534.4	protein_coding	protein_coding	8598	PANK1	NP_683878	53354.0	598	1	332
2	ENSP00000313377.4	PF03630	Fumble	1.3e-119	398.2	213	565	hiavDiGgsLaKlvYfsr...................kkkkkksaaekkkeeeveeeeeseelgg...rLhfikfetekieevleflkelllkskekekekktikaTGGGaykyeelikeelgvevekedemeclikGlkflltei...pkevftyse.e.kpkkkvekkesesiyPylLvniGSGvsilkvegeekfervgGtslgGgtfwGLlslLtgaksfdellelaekGdnskvDllvgDiygedyekiglksdliassfgkvfkkkkkeeeeekeDiarslLvmisnnigqiaylqakkhnlkriyFgGsfirgheitmktlsyaikfwskgelkalFlrHegYlGavGaflk	WFGLDIGGTLVKLVYFEPkditaeeeeeeveslksirKYLTSNVAYGSTGIRDVHLELKDLTLCGrkgNLHFIRFPTHDMPAFIQMGRDKNFSSLHT-----VFCATGGGAYKFEQDFLTIGDLQLCKLDELDCLIKGILYIDSVGfngRSQCYYFENpAdSEKCQKLPFDLKNPYPLLLVNIGSGVSILAVYSKDNYKRVTGTSLGGGTFFGLCCLLTGCTTFEEALEMASRGDSTKVDKLVRDIYGGDYERFGLPGWAVASSFGNMMSKEKREAVSK-EDLARATLITITNNIGSIARMCALNENINQVVFVGNFLRINTIAMRLLAYALDYWSKGQLKALFSEHEGYFGAVGALLE	1,2,3,4,5,6,7,8,9,10,11,12,13,14,15,16,17,18,a18-0,a18-1,a18-2,a18-3,a18-4,a18-5,a18-6,a18-7,a18-8,a18-9,a18-10,a18-11,a18-12,a18-13,a18-14,a18-15,a18-16,a18-17,a18-18,19,20,21,22,23,24,25,26,27,28,29,30,31,32,33,34,35,36,37,38,39,40,41,42,43,44,45,46,a46-0,a46-1,a46-2,47,48,49,50,51,52,53,54,55,56,57,58,59,60,61,62,63,64,65,66,67,68,69,70,71,72,73,74,75,76,77,78,79,80,81,82,83,84,85,86,87,88,89,90,91,92,93,94,95,96,97,98,99,100,101,102,103,104,105,106,107,108,109,110,111,112,113,114,115,116,117,118,119,120,121,122,123,124,a124-0,a124-1,a124-2,125,126,127,128,129,130,131,132,133,a133-0,134,a134-0,135,136,137,138,139,140,141,142,143,144,145,146,147,148,149,150,151,152,153,154,155,156,157,158,159,160,161,162,163,164,165,166,167,168,169,170,171,172,173,174,175,176,177,178,179,180,181,182,183,184,185,186,187,188,189,190,191,192,193,194,195,196,197,198,199,200,201,202,203,204,205,206,207,208,209,210,211,212,213,214,215,216,217,218,219,220,221,222,223,224,225,226,227,228,229,230,231,232,233,234,235,236,237,238,239,240,241,242,243,244,245,246,247,248,249,250,251,252,253,254,255,256,257,258,259,260,261,262,263,264,265,266,267,268,269,270,271,272,273,274,275,276,277,278,279,280,281,282,283,284,285,286,287,288,289,290,291,292,293,294,295,296,297,298,299,300,301,302,303,304,305,306,307,308,309,310,311,312,313,314,315,316,317,318,319,320,321,322,323,324,325,326,327,328,329,330,331,332	ENSP00000313377.4	known	GRCh37:20:join(3869748..3870375,3888573..3888925,3891224..3891477,3893105..3893281,3897574..3897697,3899318..3899443,3903891..3903941)	20	ENSG00000125779.17	ENST00000316562.4	protein_coding	protein_coding	15894	PANK2	NP_705902	80025.0	570	1	332
3	ENSP00000318526.6	PF03630	Fumble	2.9e-65	217.7	13	306	hiavDiGgsLaKlvYfsr...................kkkkkksaaekkkeeeveeeeeseelgg...rLhfikfetekieevleflkelllkskekekekktikaTGGGaykyeelikeelgvevekedemeclikGlkflltei...pkevftyse.e.kpkkkvekkesesiyPylLvniGSGvsilkvegeekfervgGtslgGgtfwGLlslLtgaksfdellelaekGdnskvDllvgDiygedyekiglksdliassfgkvfkkkkkeeeeekeDiarslLvmisnnigqiaylqakkhnlkriyFgGsfirgheitmktlsyaikfwskgelkalFlrHegYlGavGaflk	WFGMDIGGTLVKLVYFEPkditaeeeqeevenlksirKYLTSNTAYGKTGIRDVHLELKNLTMCGrkgNLHFIRFPSCAMHRFIQMGSEKNFSSLHT-----TLCATGGGAFKFEEDFRMIADLQLHKLDELDCLIQGLLYVDSVGfngKPECYYFENpTnPELCQKKPYCLDNPYPMLLVNMGSGVSILAVYSKDNYKRVTGTS-----------------------------------------------------------FGNMMSKEKRDSISK-EDLARATLVTITNNIGSIARMCALNENIDRVVFVGNFLRINMVSMKLLAYAMDFWSKGQLKALFLEHEGYFGAVGALLE	1,2,3,4,5,6,7,8,9,10,11,12,13,14,15,16,17,18,a18-0,a18-1,a18-2,a18-3,a18-4,a18-5,a18-6,a18-7,a18-8,a18-9,a18-10,a18-11,a18-12,a18-13,a18-14,a18-15,a18-16,a18-17,a18-18,19,20,21,22,23,24,25,26,27,28,29,30,31,32,33,34,35,36,37,38,39,40,41,42,43,44,45,46,a46-0,a46-1,a46-2,47,48,49,50,51,52,53,54,55,56,57,58,59,60,61,62,63,64,65,66,67,68,69,70,71,72,73,74,75,76,77,78,79,80,81,82,83,84,85,86,87,88,89,90,91,92,93,94,95,96,97,98,99,100,101,102,103,104,105,106,107,108,109,110,111,112,113,114,115,116,117,118,119,120,121,122,123,124,a124-0,a124-1,a124-2,125,126,127,128,129,130,131,132,133,a133-0,134,a134-0,135,136,137,138,139,140,141,142,143,144,145,146,147,148,149,150,151,152,153,154,155,156,157,158,159,160,161,162,163,164,165,166,167,168,169,170,171,172,173,174,175,176,177,178,179,180,181,182,183,184,185,186,187,188,189,190,191,192,193,194,195,196,197,198,199,200,201,202,203,204,205,206,207,208,209,210,211,212,213,214,215,216,217,218,219,220,221,222,223,224,225,226,227,228,229,230,231,232,233,234,235,236,237,238,239,240,241,242,243,244,245,246,247,248,249,250,251,252,253,254,255,256,257,258,259,260,261,262,263,264,265,266,267,268,269,270,271,272,273,274,275,276,277,278,279,280,281,282,283,284,285,286,287,288,289,290,291,292,293,294,295,296,297,298,299,300,301,302,303,304,305,306,307,308,309,310,311,312,313,314,315,316,317,318,319,320,321,322,323,324,325,326,327,328,329,330,331,332	ENSP00000318526.6	known	GRCh37:10:complement(join(91403454..91403481,91371453..91371805,91359009..91359262,91352954..91353077,91348409..91348534,91344163..91344222))	10	ENSG00000152782.12	ENST00000322191.6	protein_coding	protein_coding	8598	PANK1	NP_612189	53354.0	314	1	332
4	ENSP00000345118.3	PF03630	Fumble	7.7e-123	409.0	13	365	hiavDiGgsLaKlvYfsr...................kkkkkksaaekkkeeeveeeeeseelgg...rLhfikfetekieevleflkelllkskekekekktikaTGGGaykyeelikeelgvevekedemeclikGlkflltei...pkevftyse.e.kpkkkvekkesesiyPylLvniGSGvsilkvegeekfervgGtslgGgtfwGLlslLtgaksfdellelaekGdnskvDllvgDiygedyekiglksdliassfgkvfkkkkkeeeeekeDiarslLvmisnnigqiaylqakkhnlkriyFgGsfirgheitmktlsyaikfwskgelkalFlrHegYlGavGaflk	WFGMDIGGTLVKLVYFEPkditaeeeqeevenlksirKYLTSNTAYGKTGIRDVHLELKNLTMCGrkgNLHFIRFPSCAMHRFIQMGSEKNFSSLHT-----TLCATGGGAFKFEEDFRMIADLQLHKLDELDCLIQGLLYVDSVGfngKPECYYFENpTnPELCQKKPYCLDNPYPMLLVNMGSGVSILAVYSKDNYKRVTGTSLGGGTFLGLCCLLTGCETFEEALEMAAKGDSTNVDKLVKDIYGGDYERFGLQGSAVASSFGNMMSKEKRDSISK-EDLARATLVTITNNIGSIARMCALNENIDRVVFVGNFLRINMVSMKLLAYAMDFWSKGQLKALFLEHEGYFGAVGALLE	1,2,3,4,5,6,7,8,9,10,11,12,13,14,15,16,17,18,a18-0,a18-1,a18-2,a18-3,a18-4,a18-5,a18-6,a18-7,a18-8,a18-9,a18-10,a18-11,a18-12,a18-13,a18-14,a18-15,a18-16,a18-17,a18-18,19,20,21,22,23,24,25,26,27,28,29,30,31,32,33,34,35,36,37,38,39,40,41,42,43,44,45,46,a46-0,a46-1,a46-2,47,48,49,50,51,52,53,54,55,56,57,58,59,60,61,62,63,64,65,66,67,68,69,70,71,72,73,74,75,76,77,78,79,80,81,82,83,84,85,86,87,88,89,90,91,92,93,94,95,96,97,98,99,100,101,102,103,104,105,106,107,108,109,110,111,112,113,114,115,116,117,118,119,120,121,122,123,124,a124-0,a124-1,a124-2,125,126,127,128,129,130,131,132,133,a133-0,134,a134-0,135,136,137,138,139,140,141,142,143,144,145,146,147,148,149,150,151,152,153,154,155,156,157,158,159,160,161,162,163,164,165,166,167,168,169,170,171,172,173,174,175,176,177,178,179,180,181,182,183,184,185,186,187,188,189,190,191,192,193,194,195,196,197,198,199,200,201,202,203,204,205,206,207,208,209,210,211,212,213,214,215,216,217,218,219,220,221,222,223,224,225,226,227,228,229,230,231,232,233,234,235,236,237,238,239,240,241,242,243,244,245,246,247,248,249,250,251,252,253,254,255,256,257,258,259,260,261,262,263,264,265,266,267,268,269,270,271,272,273,274,275,276,277,278,279,280,281,282,283,284,285,286,287,288,289,290,291,292,293,294,295,296,297,298,299,300,301,302,303,304,305,306,307,308,309,310,311,312,313,314,315,316,317,318,319,320,321,322,323,324,325,326,327,328,329,330,331,332	ENSP00000345118.3	known	GRCh37:10:complement(join(91403454..91403481,91371453..91371805,91359009..91359262,91353570..91353746,91352954..91353077,91348409..91348534,91344163..91344222))	10	ENSG00000152782.12	ENST00000342512.3	protein_coding	protein_coding	8598	PANK1	NP_683879	53354.0	373	1	332
5	ENSP00000360839.2	PF03630	Fumble	7.7e-123	409.0	40	392	hiavDiGgsLaKlvYfsr...................kkkkkksaaekkkeeeveeeeeseelgg...rLhfikfetekieevleflkelllkskekekekktikaTGGGaykyeelikeelgvevekedemeclikGlkflltei...pkevftyse.e.kpkkkvekkesesiyPylLvniGSGvsilkvegeekfervgGtslgGgtfwGLlslLtgaksfdellelaekGdnskvDllvgDiygedyekiglksdliassfgkvfkkkkkeeeeekeDiarslLvmisnnigqiaylqakkhnlkriyFgGsfirgheitmktlsyaikfwskgelkalFlrHegYlGavGaflk	WFGMDIGGTLVKLVYFEPkditaeeeqeevenlksirKYLTSNTAYGKTGIRDVHLELKNLTMCGrkgNLHFIRFPSCAMHRFIQMGSEKNFSSLHT-----TLCATGGGAFKFEEDFRMIADLQLHKLDELDCLIQGLLYVDSVGfngKPECYYFENpTnPELCQKKPYCLDNPYPMLLVNMGSGVSILAVYSKDNYKRVTGTSLGGGTFLGLCCLLTGCETFEEALEMAAKGDSTNVDKLVKDIYGGDYERFGLQGSAVASSFGNMMSKEKRDSISK-EDLARATLVTITNNIGSIARMCALNENIDRVVFVGNFLRINMVSMKLLAYAMDFWSKGQLKALFLEHEGYFGAVGALLE	1,2,3,4,5,6,7,8,9,10,11,12,13,14,15,16,17,18,a18-0,a18-1,a18-2,a18-3,a18-4,a18-5,a18-6,a18-7,a18-8,a18-9,a18-10,a18-11,a18-12,a18-13,a18-14,a18-15,a18-16,a18-17,a18-18,19,20,21,22,23,24,25,26,27,28,29,30,31,32,33,34,35,36,37,38,39,40,41,42,43,44,45,46,a46-0,a46-1,a46-2,47,48,49,50,51,52,53,54,55,56,57,58,59,60,61,62,63,64,65,66,67,68,69,70,71,72,73,74,75,76,77,78,79,80,81,82,83,84,85,86,87,88,89,90,91,92,93,94,95,96,97,98,99,100,101,102,103,104,105,106,107,108,109,110,111,112,113,114,115,116,117,118,119,120,121,122,123,124,a124-0,a124-1,a124-2,125,126,127,128,129,130,131,132,133,a133-0,134,a134-0,135,136,137,138,139,140,141,142,143,144,145,146,147,148,149,150,151,152,153,154,155,156,157,158,159,160,161,162,163,164,165,166,167,168,169,170,171,172,173,174,175,176,177,178,179,180,181,182,183,184,185,186,187,188,189,190,191,192,193,194,195,196,197,198,199,200,201,202,203,204,205,206,207,208,209,210,211,212,213,214,215,216,217,218,219,220,221,222,223,224,225,226,227,228,229,230,231,232,233,234,235,236,237,238,239,240,241,242,243,244,245,246,247,248,249,250,251,252,253,254,255,256,257,258,259,260,261,262,263,264,265,266,267,268,269,270,271,272,273,274,275,276,277,278,279,280,281,282,283,284,285,286,287,288,289,290,291,292,293,294,295,296,297,298,299,300,301,302,303,304,305,306,307,308,309,310,311,312,313,314,315,316,317,318,319,320,321,322,323,324,325,326,327,328,329,330,331,332	ENSP00000360839.2	known	GRCh37:10:complement(join(91403454..91403468,91398906..91398999,91371453..91371805,91359009..91359262,91353570..91353746,91352954..91353077,91348409..91348534,91344163..91344222))	10	ENSG00000152782.12	ENST00000371774.2	protein_coding	protein_coding	8598	PANK1		53354.0	400	1	332
6	ENSP00000367727.3	PF03630	Fumble	1.3e-133	444.8	36	367	hiavDiGgsLaKlvYfsr........kkkkkksaaekkkeeeveeeeeseelggrLhfikfetekieevleflkelllkskekekekktikaTGGGaykyeelikeelgvevekedemeclikGlkfllteipkevftyseekpkkkvekkesesiyPylLvniGSGvsilkvegeekfervgGtslgGgtfwGLlslLtgaksfdellelaekGdnskvDllvgDiygedyekiglksdliassfgkvfkkkkkeeeeekeDiarslLvmisnnigqiaylqakkhnlkriyFgGsfirgheitmktlsyaikfwskgelkalFlrHegYlGavGaflk	RFAIDIGGSLTKLAYYSTvqhkvakvRSFDHSGKDTEREHEPPYEISVQEEITARLHFIKFENTYIEACLDFIKDHLVNTETK-----VIQATGGGAYKFKDLIEEKLRLKVDKEDVMTCLIKGCNFVLKNIPHEAFVYQKDSDPEFRFQTNHPHIFPYLLVNIGSGVSIVKVETEDRFEWVGGSSIGGGTFWGLGALLTKTKKFDELLHLASRGQHSNVDMLVRDVYGGAHQTLGLSGNLIASSFGKSATAD---QEFSKEDMAKSLLHMISNDIGQLACLHARLHSLDRVYFGGFFIRGHPVTMRTITYSINFFSKGEVQALFLRHEGYLGAIGAFLK	1,2,3,4,5,6,7,8,9,10,11,12,13,14,15,16,17,18,a18-0,a18-1,a18-2,a18-3,a18-4,a18-5,a18-6,a18-7,19,20,21,22,23,24,25,26,27,28,29,30,31,32,33,34,35,36,37,38,39,40,41,42,43,44,45,46,47,48,49,50,51,52,53,54,55,56,57,58,59,60,61,62,63,64,65,66,67,68,69,70,71,72,73,74,75,76,77,78,79,80,81,82,83,84,85,86,87,88,89,90,91,92,93,94,95,96,97,98,99,100,101,102,103,104,105,106,107,108,109,110,111,112,113,114,115,116,117,118,119,120,121,122,123,124,125,126,127,128,129,130,131,132,133,134,135,136,137,138,139,140,141,142,143,144,145,146,147,148,149,150,151,152,153,154,155,156,157,158,159,160,161,162,163,164,165,166,167,168,169,170,171,172,173,174,175,176,177,178,179,180,181,182,183,184,185,186,187,188,189,190,191,192,193,194,195,196,197,198,199,200,201,202,203,204,205,206,207,208,209,210,211,212,213,214,215,216,217,218,219,220,221,222,223,224,225,226,227,228,229,230,231,232,233,234,235,236,237,238,239,240,241,242,243,244,245,246,247,248,249,250,251,252,253,254,255,256,257,258,259,260,261,262,263,264,265,266,267,268,269,270,271,272,273,274,275,276,277,278,279,280,281,282,283,284,285,286,287,288,289,290,291,292,293,294,295,296,297,298,299,300,301,302,303,304,305,306,307,308,309,310,311,312,313,314,315,316,317,318,319,320,321,322,323,324,325,326,327,328,329,330,331,332	ENSP00000367727.3	known	GRCh37:1:complement(join(2457903..2458026,2453157..2453239,2452540..2452754,2452162..2452345,2451761..2451853,2451240..2451393,2450582..2450763,2449955..2450036,2449603..2449703,2447001..2447156,2445793..2445905,2445441..2445528,2444327..2444478,2443067..2443122,2442777..2442826,2442117..2442221,2441496..2441596,2441301..2441369,2440286..2440499))	1	ENSG00000157881.9	ENST00000378466.3	protein_coding	protein_coding	19366	PANK4	NP_060686	55229.0	773	1	332
7	ENSP00000417609.1	PF03630	Fumble	1.3e-83	278.7	1	274	hiavDiGgsLaKlvYfsrkkkkkksaaekkkeeeveeeeeseelggrLhfikfetekieevleflkelllkskekekekktikaTGGGaykyeelikeelgvevekedemeclikGlkflltei...pkevftyse.e.kpkkkvekkesesiyPylLvniGSGvsilkvegeekfervgGtslgGgtfwGLlslLtgaksfdellelaekGdnskvDllvgDiygedyekiglksdliassfgkvfkkkkkeeeeekeDiarslLvmisnnigqiaylqakkhnlkriyFgGsfirgheitmktlsyaikfwskgelkalFlrHegYlGavGaflk	---------------------------------------------------------MPAFIQMGRDKNFSSLHT-----VFCATGGGAYKFEQDFLTIGDLQLCKLDELDCLIKGILYIDSVGfngRSQCYYFENpAdSEKCQKLPFDLKNPYPLLLVNIGSGVSILAVYSKDNYKRVTGTSLGGGTFFGLCCLLTGCTTFEEALEMASRGDSTKVDKLVRDIYGGDYERFGLPGWAVASSFGNMMSKEKREAVSK-EDLARATLITITNNIGSIARMCALNENINQVVFVGNFLRINTIAMRLLAYALDYWSKGQLKALFSEHEGYFGAVGALLE	1,2,3,4,5,6,7,8,9,10,11,12,13,14,15,16,17,18,19,20,21,22,23,24,25,26,27,28,29,30,31,32,33,34,35,36,37,38,39,40,41,42,43,44,45,46,47,48,49,50,51,52,53,54,55,56,57,58,59,60,61,62,63,64,65,66,67,68,69,70,71,72,73,74,75,76,77,78,79,80,81,82,83,84,85,86,87,88,89,90,91,92,93,94,95,96,97,98,99,100,101,102,103,104,105,106,107,108,109,110,111,112,113,114,115,116,117,118,119,120,121,122,123,124,a124-0,a124-1,a124-2,125,126,127,128,129,130,131,132,133,a133-0,134,a134-0,135,136,137,138,139,140,141,142,143,144,145,146,147,148,149,150,151,152,153,154,155,156,157,158,159,160,161,162,163,164,165,166,167,168,169,170,171,172,173,174,175,176,177,178,179,180,181,182,183,184,185,186,187,188,189,190,191,192,193,194,195,196,197,198,199,200,201,202,203,204,205,206,207,208,209,210,211,212,213,214,215,216,217,218,219,220,221,222,223,224,225,226,227,228,229,230,231,232,233,234,235,236,237,238,239,240,241,242,243,244,245,246,247,248,249,250,251,252,253,254,255,256,257,258,259,260,261,262,263,264,265,266,267,268,269,270,271,272,273,274,275,276,277,278,279,280,281,282,283,284,285,286,287,288,289,290,291,292,293,294,295,296,297,298,299,300,301,302,303,304,305,306,307,308,309,310,311,312,313,314,315,316,317,318,319,320,321,322,323,324,325,326,327,328,329,330,331,332	ENSP00000417609.1	known	GRCh37:20:join(3888818..3888925,3891224..3891477,3893105..3893281,3897574..3897697,3899318..3899443,3903891..3903941)	20	ENSG00000125779.17	ENST00000497424.1	protein_coding	protein_coding	15894	PANK2	NP_079236	80025.0	279	1	332
8	ENSP00000421433.1	PF03630	Fumble	4.5e-100	333.3	36	328	hiavDiGgsLaKlvYfsr........kkkkkksaaekkkeeeveeeeeseelggrLhfikfetekieevleflkelllkskekekekktikaTGGGaykyeelikeelgvevekedemeclikGlkfllteipkevftyseekpkkkvekkesesiyPylLvniGSGvsilkvegeekfervgGtslgGgtfwGLlslLtgaksfdellelaekGdnskvDllvgDiygedyekiglksdliassfgkvfkkkkkeeeeekeDiarslLvmisnnigqiaylqakkhnlkriyFgGsfirgheitmktlsyaikfwskgelkalFlrHegYlGavGaflk	RFAIDIGGSLTKLAYYSTvqhkvakvRSFDHSGKDTEREHEPPYEISVQEEITARLHFIKFENTYIEACLDFIKDHLVNTETK-----VIQATGGGAFVYQKD-----------------------------SDPEFRFQ----------TNHPHIFPYLLVNIGSGVSIVKVETEDRFEWVGGSSIGGGTFWGLGALLTKTKKFDELLHLASRGQHSNVDMLVRDVYGGAHQTLGLSGNLIASSFGKSATAD---QEFSKEDMAKSLLHMISNDIGQLACLHARLHSLDRVYFGGFFIRGHPVTMRTITYSINFFSKGEVQALFLRHEGYLGAIGAFLK	1,2,3,4,5,6,7,8,9,10,11,12,13,14,15,16,17,18,a18-0,a18-1,a18-2,a18-3,a18-4,a18-5,a18-6,a18-7,19,20,21,22,23,24,25,26,27,28,29,30,31,32,33,34,35,36,37,38,39,40,41,42,43,44,45,46,47,48,49,50,51,52,53,54,55,56,57,58,59,60,61,62,63,64,65,66,67,68,69,70,71,72,73,74,75,76,77,78,79,80,81,82,83,84,85,86,87,88,89,90,91,92,93,94,95,96,97,98,99,100,101,102,103,104,105,106,107,108,109,110,111,112,113,114,115,116,117,118,119,120,121,122,123,124,125,126,127,128,129,130,131,132,133,134,135,136,137,138,139,140,141,142,143,144,145,146,147,148,149,150,151,152,153,154,155,156,157,158,159,160,161,162,163,164,165,166,167,168,169,170,171,172,173,174,175,176,177,178,179,180,181,182,183,184,185,186,187,188,189,190,191,192,193,194,195,196,197,198,199,200,201,202,203,204,205,206,207,208,209,210,211,212,213,214,215,216,217,218,219,220,221,222,223,224,225,226,227,228,229,230,231,232,233,234,235,236,237,238,239,240,241,242,243,244,245,246,247,248,249,250,251,252,253,254,255,256,257,258,259,260,261,262,263,264,265,266,267,268,269,270,271,272,273,274,275,276,277,278,279,280,281,282,283,284,285,286,287,288,289,290,291,292,293,294,295,296,297,298,299,300,301,302,303,304,305,306,307,308,309,310,311,312,313,314,315,316,317,318,319,320,321,322,323,324,325,326,327,328,329,330,331,332	ENSP00000421433.1	novel	GRCh37:1:complement(join(2457903..2458026,2453157..2453239,2452584..2452754,2452162..2452272,2451761..2451853,2451240..2451393,2450582..2450763,2449955..2450036,2449603..2449703,2447001..2447156,2445793..2445905,2445441..2445528,2444327..2444478,2443067..2443122,2442777..2442826,2442117..2442221,2441496..2441596,2441301..2441369,2440286..2440499))	1	ENSG00000157881.9	ENST00000435556.3	protein_coding	protein_coding	19366	PANK4	XP_005244826	55229.0	734	1	332
9	ENSP00000477429.1	PF03630	Fumble	1.3e-119	398.2	90	442	hiavDiGgsLaKlvYfsr...................kkkkkksaaekkkeeeveeeeeseelgg...rLhfikfetekieevleflkelllkskekekekktikaTGGGaykyeelikeelgvevekedemeclikGlkflltei...pkevftyse.e.kpkkkvekkesesiyPylLvniGSGvsilkvegeekfervgGtslgGgtfwGLlslLtgaksfdellelaekGdnskvDllvgDiygedyekiglksdliassfgkvfkkkkkeeeeekeDiarslLvmisnnigqiaylqakkhnlkriyFgGsfirgheitmktlsyaikfwskgelkalFlrHegYlGavGaflk	WFGLDIGGTLVKLVYFEPkditaeeeeeeveslksirKYLTSNVAYGSTGIRDVHLELKDLTLCGrkgNLHFIRFPTHDMPAFIQMGRDKNFSSLHT-----VFCATGGGAYKFEQDFLTIGDLQLCKLDELDCLIKGILYIDSVGfngRSQCYYFENpAdSEKCQKLPFDLKNPYPLLLVNIGSGVSILAVYSKDNYKRVTGTSLGGGTFFGLCCLLTGCTTFEEALEMASRGDSTKVDKLVRDIYGGDYERFGLPGWAVASSFGNMMSKEKREAVSK-EDLARATLITITNNIGSIARMCALNENINQVVFVGNFLRINTIAMRLLAYALDYWSKGQLKALFSEHEGYFGAVGALLE	1,2,3,4,5,6,7,8,9,10,11,12,13,14,15,16,17,18,a18-0,a18-1,a18-2,a18-3,a18-4,a18-5,a18-6,a18-7,a18-8,a18-9,a18-10,a18-11,a18-12,a18-13,a18-14,a18-15,a18-16,a18-17,a18-18,19,20,21,22,23,24,25,26,27,28,29,30,31,32,33,34,35,36,37,38,39,40,41,42,43,44,45,46,a46-0,a46-1,a46-2,47,48,49,50,51,52,53,54,55,56,57,58,59,60,61,62,63,64,65,66,67,68,69,70,71,72,73,74,75,76,77,78,79,80,81,82,83,84,85,86,87,88,89,90,91,92,93,94,95,96,97,98,99,100,101,102,103,104,105,106,107,108,109,110,111,112,113,114,115,116,117,118,119,120,121,122,123,124,a124-0,a124-1,a124-2,125,126,127,128,129,130,131,132,133,a133-0,134,a134-0,135,136,137,138,139,140,141,142,143,144,145,146,147,148,149,150,151,152,153,154,155,156,157,158,159,160,161,162,163,164,165,166,167,168,169,170,171,172,173,174,175,176,177,178,179,180,181,182,183,184,185,186,187,188,189,190,191,192,193,194,195,196,197,198,199,200,201,202,203,204,205,206,207,208,209,210,211,212,213,214,215,216,217,218,219,220,221,222,223,224,225,226,227,228,229,230,231,232,233,234,235,236,237,238,239,240,241,242,243,244,245,246,247,248,249,250,251,252,253,254,255,256,257,258,259,260,261,262,263,264,265,266,267,268,269,270,271,272,273,274,275,276,277,278,279,280,281,282,283,284,285,286,287,288,289,290,291,292,293,294,295,296,297,298,299,300,301,302,303,304,305,306,307,308,309,310,311,312,313,314,315,316,317,318,319,320,321,322,323,324,325,326,327,328,329,330,331,332	ENSP00000477429.1	known	GRCh37:20:join(3870117..3870375,3888573..3888925,3891224..3891477,3893105..3893281,3897574..3897697,3899318..3899443,3903891..3903941)	20	ENSG00000125779.17	ENST00000610179.1	protein_coding	protein_coding	15894	PANK2		80025.0	447	1	332
